#include "sph.hpp"

namespace SPH {
  const long long int l_max_for_terms = 10;
  /*! \brief Edmond coefficients as defined in equation (38) of arXiv:gr-qc/0607025. */
  const std::array<QuadraticTermInfo, 38025> edmond_coeffs = 
{{{0, 0, 0, 0.28209479177387814347403972578038629291},
 {0, 1, 1, 0.28209479177387814347403972578038629291},
 {0, 2, 2, 0.28209479177387814347403972578038629291},
 {0, 3, 3, 0.28209479177387814347403972578038629291},
 {0, 4, 4, 0.28209479177387814347403972578038629291},
 {0, 5, 5, 0.28209479177387814347403972578038629291},
 {0, 6, 6, 0.28209479177387814347403972578038629291},
 {0, 7, 7, 0.28209479177387814347403972578038629291},
 {0, 8, 8, 0.28209479177387814347403972578038629291},
 {0, 9, 9, 0.28209479177387814347403972578038629291},
 {0, 10, 10, 0.28209479177387814347403972578038629291},
 {0, 11, 11, 0.28209479177387814347403972578038629291},
 {0, 12, 12, 0.28209479177387814347403972578038629291},
 {0, 13, 13, 0.28209479177387814347403972578038629291},
 {0, 14, 14, 0.28209479177387814347403972578038629291},
 {0, 15, 15, 0.28209479177387814347403972578038629291},
 {0, 16, 16, 0.28209479177387814347403972578038629291},
 {0, 17, 17, 0.28209479177387814347403972578038629291},
 {0, 18, 18, 0.28209479177387814347403972578038629291},
 {0, 19, 19, 0.28209479177387814347403972578038629291},
 {0, 20, 20, 0.28209479177387814347403972578038629291},
 {0, 21, 21, 0.28209479177387814347403972578038629291},
 {0, 22, 22, 0.28209479177387814347403972578038629291},
 {0, 23, 23, 0.28209479177387814347403972578038629291},
 {0, 24, 24, 0.28209479177387814347403972578038629291},
 {0, 25, 25, 0.28209479177387814347403972578038629291},
 {0, 26, 26, 0.28209479177387814347403972578038629291},
 {0, 27, 27, 0.28209479177387814347403972578038629291},
 {0, 28, 28, 0.28209479177387814347403972578038629291},
 {0, 29, 29, 0.28209479177387814347403972578038629291},
 {0, 30, 30, 0.28209479177387814347403972578038629291},
 {0, 31, 31, 0.28209479177387814347403972578038629291},
 {0, 32, 32, 0.28209479177387814347403972578038629291},
 {0, 33, 33, 0.28209479177387814347403972578038629291},
 {0, 34, 34, 0.28209479177387814347403972578038629291},
 {0, 35, 35, 0.28209479177387814347403972578038629291},
 {0, 36, 36, 0.28209479177387814347403972578038629291},
 {0, 37, 37, 0.28209479177387814347403972578038629291},
 {0, 38, 38, 0.28209479177387814347403972578038629291},
 {0, 39, 39, 0.28209479177387814347403972578038629291},
 {0, 40, 40, 0.28209479177387814347403972578038629291},
 {0, 41, 41, 0.28209479177387814347403972578038629291},
 {0, 42, 42, 0.28209479177387814347403972578038629291},
 {0, 43, 43, 0.28209479177387814347403972578038629291},
 {0, 44, 44, 0.28209479177387814347403972578038629291},
 {0, 45, 45, 0.28209479177387814347403972578038629291},
 {0, 46, 46, 0.28209479177387814347403972578038629291},
 {0, 47, 47, 0.28209479177387814347403972578038629291},
 {0, 48, 48, 0.28209479177387814347403972578038629291},
 {0, 49, 49, 0.28209479177387814347403972578038629291},
 {0, 50, 50, 0.28209479177387814347403972578038629291},
 {0, 51, 51, 0.28209479177387814347403972578038629291},
 {0, 52, 52, 0.28209479177387814347403972578038629291},
 {0, 53, 53, 0.28209479177387814347403972578038629291},
 {0, 54, 54, 0.28209479177387814347403972578038629291},
 {0, 55, 55, 0.28209479177387814347403972578038629291},
 {0, 56, 56, 0.28209479177387814347403972578038629291},
 {0, 57, 57, 0.28209479177387814347403972578038629291},
 {0, 58, 58, 0.28209479177387814347403972578038629291},
 {0, 59, 59, 0.28209479177387814347403972578038629291},
 {0, 60, 60, 0.28209479177387814347403972578038629291},
 {0, 61, 61, 0.28209479177387814347403972578038629291},
 {0, 62, 62, 0.28209479177387814347403972578038629291},
 {0, 63, 63, 0.28209479177387814347403972578038629291},
 {0, 64, 64, 0.28209479177387814347403972578038629291},
 {0, 65, 65, 0.28209479177387814347403972578038629291},
 {0, 66, 66, 0.28209479177387814347403972578038629291},
 {0, 67, 67, 0.28209479177387814347403972578038629291},
 {0, 68, 68, 0.28209479177387814347403972578038629291},
 {0, 69, 69, 0.28209479177387814347403972578038629291},
 {0, 70, 70, 0.28209479177387814347403972578038629291},
 {0, 71, 71, 0.28209479177387814347403972578038629291},
 {0, 72, 72, 0.28209479177387814347403972578038629291},
 {0, 73, 73, 0.28209479177387814347403972578038629291},
 {0, 74, 74, 0.28209479177387814347403972578038629291},
 {0, 75, 75, 0.28209479177387814347403972578038629291},
 {0, 76, 76, 0.28209479177387814347403972578038629291},
 {0, 77, 77, 0.28209479177387814347403972578038629291},
 {0, 78, 78, 0.28209479177387814347403972578038629291},
 {0, 79, 79, 0.28209479177387814347403972578038629291},
 {0, 80, 80, 0.28209479177387814347403972578038629291},
 {0, 81, 81, 0.28209479177387814347403972578038629291},
 {0, 82, 82, 0.28209479177387814347403972578038629291},
 {0, 83, 83, 0.28209479177387814347403972578038629291},
 {0, 84, 84, 0.28209479177387814347403972578038629291},
 {0, 85, 85, 0.28209479177387814347403972578038629291},
 {0, 86, 86, 0.28209479177387814347403972578038629291},
 {0, 87, 87, 0.28209479177387814347403972578038629291},
 {0, 88, 88, 0.28209479177387814347403972578038629291},
 {0, 89, 89, 0.28209479177387814347403972578038629291},
 {0, 90, 90, 0.28209479177387814347403972578038629291},
 {0, 91, 91, 0.28209479177387814347403972578038629291},
 {0, 92, 92, 0.28209479177387814347403972578038629291},
 {0, 93, 93, 0.28209479177387814347403972578038629291},
 {0, 94, 94, 0.28209479177387814347403972578038629291},
 {0, 95, 95, 0.28209479177387814347403972578038629291},
 {0, 96, 96, 0.28209479177387814347403972578038629291},
 {0, 97, 97, 0.28209479177387814347403972578038629291},
 {0, 98, 98, 0.28209479177387814347403972578038629291},
 {0, 99, 99, 0.28209479177387814347403972578038629291},
 {0, 100, 100, 0.28209479177387814347403972578038629291},
 {0, 101, 101, 0.28209479177387814347403972578038629291},
 {0, 102, 102, 0.28209479177387814347403972578038629291},
 {0, 103, 103, 0.28209479177387814347403972578038629291},
 {0, 104, 104, 0.28209479177387814347403972578038629291},
 {0, 105, 105, 0.28209479177387814347403972578038629291},
 {0, 106, 106, 0.28209479177387814347403972578038629291},
 {0, 107, 107, 0.28209479177387814347403972578038629291},
 {0, 108, 108, 0.28209479177387814347403972578038629291},
 {0, 109, 109, 0.28209479177387814347403972578038629291},
 {0, 110, 110, 0.28209479177387814347403972578038629291},
 {0, 111, 111, 0.28209479177387814347403972578038629291},
 {0, 112, 112, 0.28209479177387814347403972578038629291},
 {0, 113, 113, 0.28209479177387814347403972578038629291},
 {0, 114, 114, 0.28209479177387814347403972578038629291},
 {0, 115, 115, 0.28209479177387814347403972578038629291},
 {0, 116, 116, 0.28209479177387814347403972578038629291},
 {0, 117, 117, 0.28209479177387814347403972578038629291},
 {0, 118, 118, 0.28209479177387814347403972578038629291},
 {0, 119, 119, 0.28209479177387814347403972578038629291},
 {0, 120, 120, 0.28209479177387814347403972578038629291},
 {1, 0, 1, 0.28209479177387814347403972578038629291},
 {1, 1, 4, 0.30901936161855166427375418824919113039},
 {1, 2, 5, 0.21850968611841581410867714116053768048},
 {1, 3, 0, -0.28209479177387814347403972578038629291},
 {1, 3, 6, 0.1261566261010080024123574761182841973},
 {1, 4, 9, 0.31986542793438462121233935417056908656},
 {1, 5, 10, 0.2611690282654089920902975410952277801},
 {1, 6, 1, -0.1261566261010080024123574761182841973},
 {1, 6, 11, 0.2023006594034206321184949522999412628},
 {1, 7, 2, -0.21850968611841581410867714116053768048},
 {1, 7, 12, 0.14304816810266883076266069110973459448},
 {1, 8, 3, -0.30901936161855166427375418824919113039},
 {1, 8, 13, 0.08258889836115868729683943298280025728},
 {1, 9, 16, 0.32573500793527994772425641522556466963},
 {1, 10, 17, 0.28209479177387814347403972578038629291},
 {1, 11, 4, -0.08258889836115868729683943298280025728},
 {1, 11, 18, 0.23841361350444805127110115184955765746},
 {1, 12, 5, -0.14304816810266883076266069110973459448},
 {1, 12, 19, 0.19466390027300616445640276032389877927},
 {1, 13, 6, -0.2023006594034206321184949522999412628},
 {1, 13, 20, 0.15078600877302686162929182478517518712},
 {1, 14, 7, -0.2611690282654089920902975410952277801},
 {1, 14, 21, 0.10662180931146154040411311805685636219},
 {1, 15, 8, -0.31986542793438462121233935417056908656},
 {1, 15, 22, 0.06155813030745726723950365015814449219},
 {1, 16, 25, 0.3294157463241432154897757514306576603},
 {1, 17, 26, 0.29463840065584428078649713331064165899},
 {1, 18, 9, -0.06155813030745726723950365015814449219},
 {1, 18, 27, 0.25984664494172471132851317799818171519},
 {1, 19, 10, -0.10662180931146154040411311805685636219},
 {1, 19, 28, 0.22503379560768880516751447541037219464},
 {1, 20, 11, -0.15078600877302686162929182478517518712},
 {1, 20, 29, 0.19018826981554555939561447123991238866},
 {1, 21, 12, -0.19466390027300616445640276032389877927},
 {1, 21, 30, 0.15528807203695278910892675531973236904},
 {1, 22, 13, -0.23841361350444805127110115184955765746},
 {1, 22, 31, 0.12028562337275516340290432680226365908},
 {1, 23, 14, -0.28209479177387814347403972578038629291},
 {1, 23, 32, 0.08505477996612625195615650333838405977},
 {1, 24, 15, -0.32573500793527994772425641522556466963},
 {1, 24, 33, 0.04910640010930738013108285555177360983},
 {1, 25, 36, 0.33194004183182262702735410736210416051},
 {1, 26, 37, 0.3030184144174961901313425094140976586},
 {1, 27, 16, -0.04910640010930738013108285555177360983},
 {1, 27, 38, 0.27409046868852381073177860743590205099},
 {1, 28, 17, -0.08505477996612625195615650333838405977},
 {1, 28, 39, 0.24515396798892674908552980681321204294},
 {1, 29, 18, -0.12028562337275516340290432680226365908},
 {1, 29, 40, 0.21620547740646320647740917403542314741},
 {1, 30, 19, -0.15528807203695278910892675531973236904},
 {1, 30, 41, 0.18723943587133962531390121241689813512},
 {1, 31, 20, -0.19018826981554555939561447123991238866},
 {1, 31, 42, 0.15824620587962991400862969937374021942},
 {1, 32, 21, -0.22503379560768880516751447541037219464},
 {1, 32, 43, 0.12920748604550284122940832579746114426},
 {1, 33, 22, -0.25984664494172471132851317799818171519},
 {1, 33, 44, 0.10008368833191194331491644209491770239},
 {1, 34, 23, -0.29463840065584428078649713331064165899},
 {1, 34, 45, 0.07076985470565587810408888007164193326},
 {1, 35, 24, -0.3294157463241432154897757514306576603},
 {1, 35, 46, 0.04085899466482112484758830113553534049},
 {1, 36, 49, 0.33377905890622727177954161258938072044},
 {1, 37, 50, 0.30901936161855166427375418824919113039},
 {1, 38, 25, -0.04085899466482112484758830113553534049},
 {1, 38, 51, 0.28425646930010625070469831675441451737},
 {1, 39, 26, -0.07076985470565587810408888007164193326},
 {1, 39, 52, 0.25948946725407155304832589359602042195},
 {1, 40, 27, -0.10008368833191194331491644209491770239},
 {1, 40, 53, 0.23471705452662803421351519160820811004},
 {1, 41, 28, -0.12920748604550284122940832579746114426},
 {1, 41, 54, 0.20993731576002600260768823519889721694},
 {1, 42, 29, -0.15824620587962991400862969937374021942},
 {1, 42, 55, 0.18514730947115657766221493658083320253},
 {1, 43, 30, -0.18723943587133962531390121241689813512},
 {1, 43, 56, 0.16034227344436079693951882040606408014},
 {1, 44, 31, -0.21620547740646320647740917403542314741},
 {1, 44, 57, 0.13551395461434476412406160071738556889},
 {1, 45, 32, -0.24515396798892674908552980681321204294},
 {1, 45, 58, 0.11064668061060754234245136912070138684},
 {1, 46, 33, -0.27409046868852381073177860743590205099},
 {1, 46, 59, 0.08570655026360282245639624344876160917},
 {1, 47, 34, -0.3030184144174961901313425094140976586},
 {1, 47, 60, 0.06060368288349923802626850188281953172},
 {1, 48, 35, -0.33194004183182262702735410736210416051},
 {1, 48, 61, 0.03498955262667100043461470586648286949},
 {1, 49, 64, 0.33517855795370639932779917611729489935},
 {1, 50, 65, 0.31353083181393078817024489433206909742},
 {1, 51, 36, -0.03498955262667100043461470586648286949},
 {1, 51, 66, 0.29188131977148516013381122546109740161},
 {1, 52, 37, -0.06060368288349923802626850188281953172},
 {1, 52, 67, 0.27022959259258038852555526709291329003},
 {1, 53, 38, -0.08570655026360282245639624344876160917},
 {1, 53, 68, 0.24857507144031833839357276369866316747},
 {1, 54, 39, -0.11064668061060754234245136912070138684},
 {1, 54, 69, 0.22691695643553422656785528232210754926},
 {1, 55, 40, -0.13551395461434476412406160071738556889},
 {1, 55, 70, 0.20525410992711521040197292971962286068},
 {1, 56, 41, -0.16034227344436079693951882040606408014},
 {1, 56, 71, 0.18358485698329760610267081444469950069},
 {1, 57, 42, -0.18514730947115657766221493658083320253},
 {1, 57, 72, 0.1619066253517216669230029256115644068},
 {1, 58, 43, -0.20993731576002600260768823519889721694},
 {1, 58, 73, 0.14021525059560058743381103807240208107},
 {1, 59, 44, -0.23471705452662803421351519160820811004},
 {1, 59, 74, 0.11850351561869700463314475495524264617},
 {1, 60, 45, -0.25948946725407155304832589359602042195},
 {1, 60, 75, 0.09675771533058148474898594007302793837},
 {1, 61, 46, -0.28425646930010625070469831675441451737},
 {1, 61, 76, 0.07494820401848403177194136072341384105},
 {1, 62, 47, -0.30901936161855166427375418824919113039},
 {1, 62, 77, 0.05299638329922291012409679309317930111},
 {1, 63, 48, -0.33377905890622727177954161258938072044},
 {1, 63, 78, 0.03059747616388293435044513574078325011},
 {1, 64, 81, 0.3362793115176247927198419160179066163},
 {1, 65, 82, 0.31704717539580795335567054082871219394},
 {1, 66, 49, -0.03059747616388293435044513574078325011},
 {1, 66, 83, 0.29781396397918332795572357220581626962},
 {1, 67, 50, -0.05299638329922291012409679309317930111},
 {1, 67, 84, 0.27857945455178495030545779121604335547},
 {1, 68, 51, -0.07494820401848403177194136072341384105},
 {1, 68, 85, 0.25934335830822301545792759178604475782},
 {1, 69, 52, -0.09675771533058148474898594007302793837},
 {1, 69, 86, 0.24010529386426759519393656281319421516},
 {1, 70, 53, -0.11850351561869700463314475495524264617},
 {1, 70, 87, 0.2208647469098381658242540538777211965},
 {1, 71, 54, -0.14021525059560058743381103807240208107},
 {1, 71, 88, 0.2016210067336463240625844435329199359},
 {1, 72, 55, -0.1619066253517216669230029256115644068},
 {1, 72, 89, 0.18237306250615210932269449575138598309},
 {1, 73, 56, -0.18358485698329760610267081444469950069},
 {1, 73, 90, 0.16311942601142970987625653488615424632},
 {1, 74, 57, -0.20525410992711521040197292971962286068},
 {1, 74, 91, 0.14385781174328121197927274682124098793},
 {1, 75, 58, -0.22691695643553422656785528232210754926},
 {1, 75, 92, 0.12458451950252087131696806585719959427},
 {1, 76, 59, -0.24857507144031833839357276369866316747},
 {1, 76, 93, 0.10529313673086336587597894572882412813},
 {1, 77, 60, -0.27022959259258038852555526709291329003},
 {1, 77, 94, 0.08597148613590550269830247986939533181},
 {1, 78, 61, -0.29188131977148516013381122546109740161},
 {1, 78, 95, 0.06659322681061276848976509717214989916},
 {1, 79, 62, -0.31353083181393078817024489433206909742},
 {1, 79, 96, 0.04708852225887809296767977771350562214},
 {1, 80, 63, -0.33517855795370639932779917611729489935},
 {1, 80, 97, 0.02718657100190495164604275581435904105},
 {1, 81, 100, 0.33716776567236772019749158716656877134},
 {1, 82, 101, 0.31986542793438462121233935417056908656},
 {1, 83, 64, -0.02718657100190495164604275581435904105},
 {1, 83, 102, 0.30256240450612211605549387422462758606},
 {1, 84, 65, -0.04708852225887809296767977771350562214},
 {1, 84, 103, 0.2852585706111815624190568645215388457},
 {1, 85, 66, -0.06659322681061276848976509717214989916},
 {1, 85, 104, 0.26795376923542534867402421415322469537},
 {1, 86, 67, -0.08597148613590550269830247986939533181},
 {1, 86, 105, 0.25064779999341233503806029143919046658},
 {1, 87, 68, -0.10529313673086336587597894572882412813},
 {1, 87, 106, 0.23334040303670647184695865770333774091},
 {1, 88, 69, -0.12458451950252087131696806585719959427},
 {1, 88, 107, 0.21603123522041095580783131877265261871},
 {1, 89, 70, -0.14385781174328121197927274682124098793},
 {1, 89, 108, 0.19871983380153418653211399537795804524},
 {1, 90, 71, -0.16311942601142970987625653488615424632},
 {1, 90, 109, 0.18140555932796310213103406316907485692},
 {1, 91, 72, -0.18237306250615210932269449575138598309},
 {1, 91, 110, 0.16408750232056627449459749116275276266},
 {1, 92, 73, -0.2016210067336463240625844435329199359},
 {1, 92, 111, 0.14676432377877627114915868307541491474},
 {1, 93, 74, -0.2208647469098381658242540538777211965},
 {1, 93, 112, 0.12943396735173512923533984933499464956},
 {1, 94, 75, -0.24010529386426759519393656281319421516},
 {1, 94, 113, 0.11209310383920826423994730533930220543},
 {1, 95, 76, -0.25934335830822301545792759178604475782},
 {1, 95, 114, 0.09473596363543228088571780498534062617},
 {1, 96, 77, -0.27857945455178495030545779121604335547},
 {1, 96, 115, 0.07735159039922384386537111789913792747},
 {1, 97, 78, -0.29781396397918332795572357220581626962},
 {1, 97, 116, 0.05991628428377029291219119712435332468},
 {1, 98, 79, -0.31704717539580795335567054082871219394},
 {1, 98, 117, 0.04236721092055493686900119933608264822},
 {1, 99, 80, -0.3362793115176247927198419160179066163},
 {1, 99, 118, 0.02446072062979604519152644717923581912},
 {1, 102, 81, -0.02446072062979604519152644717923581912},
 {1, 103, 82, -0.04236721092055493686900119933608264822},
 {1, 104, 83, -0.05991628428377029291219119712435332468},
 {1, 105, 84, -0.07735159039922384386537111789913792747},
 {1, 106, 85, -0.09473596363543228088571780498534062617},
 {1, 107, 86, -0.11209310383920826423994730533930220543},
 {1, 108, 87, -0.12943396735173512923533984933499464956},
 {1, 109, 88, -0.14676432377877627114915868307541491474},
 {1, 110, 89, -0.16408750232056627449459749116275276266},
 {1, 111, 90, -0.18140555932796310213103406316907485692},
 {1, 112, 91, -0.19871983380153418653211399537795804524},
 {1, 113, 92, -0.21603123522041095580783131877265261871},
 {1, 114, 93, -0.23334040303670647184695865770333774091},
 {1, 115, 94, -0.25064779999341233503806029143919046658},
 {1, 116, 95, -0.26795376923542534867402421415322469537},
 {1, 117, 96, -0.2852585706111815624190568645215388457},
 {1, 118, 97, -0.30256240450612211605549387422462758606},
 {1, 119, 98, -0.31986542793438462121233935417056908656},
 {1, 120, 99, -0.33716776567236772019749158716656877134},
 {2, 0, 2, 0.28209479177387814347403972578038629291},
 {2, 1, 5, 0.21850968611841581410867714116053768048},
 {2, 2, 0, 0.28209479177387814347403972578038629291},
 {2, 2, 6, 0.25231325220201600482471495223656839459},
 {2, 3, 7, 0.21850968611841581410867714116053768048},
 {2, 4, 10, 0.18467439092237180171851095047443347657},
 {2, 5, 1, 0.21850968611841581410867714116053768048},
 {2, 5, 11, 0.23359668032760739734768331238867853513},
 {2, 6, 2, 0.25231325220201600482471495223656839459},
 {2, 6, 12, 0.24776669508347606189051829894840077185},
 {2, 7, 3, 0.21850968611841581410867714116053768048},
 {2, 7, 13, 0.23359668032760739734768331238867853513},
 {2, 8, 14, 0.18467439092237180171851095047443347657},
 {2, 9, 17, 0.16286750396763997386212820761278233482},
 {2, 10, 4, 0.18467439092237180171851095047443347657},
 {2, 10, 18, 0.21324361862292308080822623611371272437},
 {2, 11, 5, 0.23359668032760739734768331238867853513},
 {2, 11, 19, 0.23841361350444805127110115184955765746},
 {2, 12, 6, 0.24776669508347606189051829894840077185},
 {2, 12, 20, 0.24623252122982906895801460063257796876},
 {2, 13, 7, 0.23359668032760739734768331238867853513},
 {2, 13, 21, 0.23841361350444805127110115184955765746},
 {2, 14, 8, 0.18467439092237180171851095047443347657},
 {2, 14, 22, 0.21324361862292308080822623611371272437},
 {2, 15, 23, 0.16286750396763997386212820761278233482},
 {2, 16, 26, 0.14731920032792214039324856665532082949},
 {2, 17, 9, 0.16286750396763997386212820761278233482},
 {2, 17, 27, 0.19642560043722952052433142220709443933},
 {2, 18, 10, 0.21324361862292308080822623611371272437},
 {2, 18, 28, 0.22503379560768880516751447541037219464},
 {2, 19, 11, 0.23841361350444805127110115184955765746},
 {2, 19, 29, 0.24057124674551032680580865360452731815},
 {2, 20, 12, 0.24623252122982906895801460063257796876},
 {2, 20, 30, 0.24553200054653690065541427775886804916},
 {2, 21, 13, 0.23841361350444805127110115184955765746},
 {2, 21, 31, 0.24057124674551032680580865360452731815},
 {2, 22, 14, 0.21324361862292308080822623611371272437},
 {2, 22, 32, 0.22503379560768880516751447541037219464},
 {2, 23, 15, 0.16286750396763997386212820761278233482},
 {2, 23, 33, 0.19642560043722952052433142220709443933},
 {2, 24, 34, 0.14731920032792214039324856665532082949},
 {2, 25, 37, 0.13551395461434476412406160071738556889},
 {2, 26, 16, 0.14731920032792214039324856665532082949},
 {2, 26, 38, 0.18272697912568254048785240495726803399},
 {2, 27, 17, 0.19642560043722952052433142220709443933},
 {2, 27, 39, 0.21230956411696763431226664021492579977},
 {2, 28, 18, 0.22503379560768880516751447541037219464},
 {2, 28, 40, 0.23113337759967987068805574100068134593},
 {2, 29, 19, 0.24057124674551032680580865360452731815},
 {2, 29, 41, 0.24172507229432332937392516538867936511},
 {2, 30, 20, 0.24553200054653690065541427775886804916},
 {2, 30, 42, 0.24515396798892674908552980681321204294},
 {2, 31, 21, 0.24057124674551032680580865360452731815},
 {2, 31, 43, 0.24172507229432332937392516538867936511},
 {2, 32, 22, 0.22503379560768880516751447541037219464},
 {2, 32, 44, 0.23113337759967987068805574100068134593},
 {2, 33, 23, 0.19642560043722952052433142220709443933},
 {2, 33, 45, 0.21230956411696763431226664021492579977},
 {2, 34, 24, 0.14731920032792214039324856665532082949},
 {2, 34, 46, 0.18272697912568254048785240495726803399},
 {2, 35, 47, 0.13551395461434476412406160071738556889},
 {2, 36, 50, 0.1261566261010080024123574761182841973},
 {2, 37, 25, 0.13551395461434476412406160071738556889},
 {2, 37, 51, 0.17141310052720564491279248689752321834},
 {2, 38, 26, 0.18272697912568254048785240495726803399},
 {2, 38, 52, 0.20099967703825079453663764545299483739},
 {2, 39, 27, 0.21230956411696763431226664021492579977},
 {2, 39, 53, 0.22129336122121508468490273824140277366},
 {2, 40, 28, 0.23113337759967987068805574100068134593},
 {2, 40, 54, 0.23471705452662803421351519160820811004},
 {2, 41, 29, 0.24172507229432332937392516538867936511},
 {2, 41, 55, 0.24241473153399695210507400753127812689},
 {2, 42, 30, 0.24515396798892674908552980681321204294},
 {2, 42, 56, 0.24492686838669700304230294106538008643},
 {2, 43, 31, 0.24172507229432332937392516538867936511},
 {2, 43, 57, 0.24241473153399695210507400753127812689},
 {2, 44, 32, 0.23113337759967987068805574100068134593},
 {2, 44, 58, 0.23471705452662803421351519160820811004},
 {2, 45, 33, 0.21230956411696763431226664021492579977},
 {2, 45, 59, 0.22129336122121508468490273824140277366},
 {2, 46, 34, 0.18272697912568254048785240495726803399},
 {2, 46, 60, 0.20099967703825079453663764545299483739},
 {2, 47, 35, 0.13551395461434476412406160071738556889},
 {2, 47, 61, 0.17141310052720564491279248689752321834},
 {2, 48, 62, 0.1261566261010080024123574761182841973},
 {2, 49, 65, 0.11850351561869700463314475495524264617},
 {2, 50, 36, 0.1261566261010080024123574761182841973},
 {2, 50, 66, 0.1619066253517216669230029256115644068},
 {2, 51, 37, 0.17141310052720564491279248689752321834},
 {2, 51, 67, 0.19108117739949162453202934206669161517},
 {2, 52, 38, 0.20099967703825079453663764545299483739},
 {2, 52, 68, 0.21198553319689164049638717237271720443},
 {2, 53, 39, 0.22129336122121508468490273824140277366},
 {2, 53, 69, 0.22691695643553422656785528232210754926},
 {2, 54, 40, 0.23471705452662803421351519160820811004},
 {2, 54, 70, 0.23700703123739400926628950991048529235},
 {2, 55, 41, 0.24241473153399695210507400753127812689},
 {2, 55, 71, 0.2428599380275825003845043884173466102},
 {2, 56, 42, 0.24492686838669700304230294106538008643},
 {2, 56, 72, 0.24477980931106347480356108592626600093},
 {2, 57, 43, 0.24241473153399695210507400753127812689},
 {2, 57, 73, 0.2428599380275825003845043884173466102},
 {2, 58, 44, 0.23471705452662803421351519160820811004},
 {2, 58, 74, 0.23700703123739400926628950991048529235},
 {2, 59, 45, 0.22129336122121508468490273824140277366},
 {2, 59, 75, 0.22691695643553422656785528232210754926},
 {2, 60, 46, 0.20099967703825079453663764545299483739},
 {2, 60, 76, 0.21198553319689164049638717237271720443},
 {2, 61, 47, 0.17141310052720564491279248689752321834},
 {2, 61, 77, 0.19108117739949162453202934206669161517},
 {2, 62, 48, 0.1261566261010080024123574761182841973},
 {2, 62, 78, 0.1619066253517216669230029256115644068},
 {2, 63, 79, 0.11850351561869700463314475495524264617},
 {2, 64, 82, 0.11209310383920826423994730533930220543},
 {2, 65, 49, 0.11850351561869700463314475495524264617},
 {2, 65, 83, 0.15379046970125234194997676940996986057},
 {2, 66, 50, 0.1619066253517216669230029256115644068},
 {2, 66, 84, 0.18237306250615210932269449575138598309},
 {2, 67, 51, 0.19108117739949162453202934206669161517},
 {2, 67, 85, 0.20344566842066378965374803447656637239},
 {2, 68, 52, 0.21198553319689164049638717237271720443},
 {2, 68, 86, 0.21918514270977686048953253287048232622},
 {2, 69, 53, 0.22691695643553422656785528232210754926},
 {2, 69, 87, 0.23068570455187851292496515411495479085},
 {2, 70, 54, 0.23700703123739400926628950991048529235},
 {2, 70, 88, 0.23856119235702331408963374988790192125},
 {2, 71, 55, 0.2428599380275825003845043884173466102},
 {2, 71, 89, 0.24316408334153614576359266100184797745},
 {2, 72, 56, 0.24477980931106347480356108592626600093},
 {2, 72, 90, 0.24467913901714456481438480232923136948},
 {2, 73, 57, 0.2428599380275825003845043884173466102},
 {2, 73, 91, 0.24316408334153614576359266100184797745},
 {2, 74, 58, 0.23700703123739400926628950991048529235},
 {2, 74, 92, 0.23856119235702331408963374988790192125},
 {2, 75, 59, 0.22691695643553422656785528232210754926},
 {2, 75, 93, 0.23068570455187851292496515411495479085},
 {2, 76, 60, 0.21198553319689164049638717237271720443},
 {2, 76, 94, 0.21918514270977686048953253287048232622},
 {2, 77, 61, 0.19108117739949162453202934206669161517},
 {2, 77, 95, 0.20344566842066378965374803447656637239},
 {2, 78, 62, 0.1619066253517216669230029256115644068},
 {2, 78, 96, 0.18237306250615210932269449575138598309},
 {2, 79, 63, 0.11850351561869700463314475495524264617},
 {2, 79, 97, 0.15379046970125234194997676940996986057},
 {2, 80, 98, 0.11209310383920826423994730533930220543},
 {2, 81, 101, 0.10662180931146154040411311805685636219},
 {2, 82, 64, 0.11209310383920826423994730533930220543},
 {2, 82, 102, 0.14676432377877627114915868307541491474},
 {2, 83, 65, 0.15379046970125234194997676940996986057},
 {2, 83, 103, 0.1746844856882700431176883354257926282},
 {2, 84, 66, 0.18237306250615210932269449575138598309},
 {2, 84, 104, 0.19568576503836836153221157743388655299},
 {2, 85, 67, 0.20344566842066378965374803447656637239},
 {2, 85, 105, 0.21183605460277468434500599668041324112},
 {2, 86, 68, 0.21918514270977686048953253287048232622},
 {2, 86, 106, 0.22418620767841652847989461067860441087},
 {2, 87, 69, 0.23068570455187851292496515411495479085},
 {2, 87, 107, 0.23334040303670647184695865770333774091},
 {2, 88, 70, 0.23856119235702331408963374988790192125},
 {2, 88, 108, 0.23966513713508117164876478849741329871},
 {2, 89, 71, 0.24316408334153614576359266100184797745},
 {2, 89, 109, 0.24338109729221793764174684874019304571},
 {2, 90, 72, 0.24467913901714456481438480232923136948},
 {2, 90, 110, 0.24460720629796045191526447179235819124},
 {2, 91, 73, 0.24316408334153614576359266100184797745},
 {2, 91, 111, 0.24338109729221793764174684874019304571},
 {2, 92, 74, 0.23856119235702331408963374988790192125},
 {2, 92, 112, 0.23966513713508117164876478849741329871},
 {2, 93, 75, 0.23068570455187851292496515411495479085},
 {2, 93, 113, 0.23334040303670647184695865770333774091},
 {2, 94, 76, 0.21918514270977686048953253287048232622},
 {2, 94, 114, 0.22418620767841652847989461067860441087},
 {2, 95, 77, 0.20344566842066378965374803447656637239},
 {2, 95, 115, 0.21183605460277468434500599668041324112},
 {2, 96, 78, 0.18237306250615210932269449575138598309},
 {2, 96, 116, 0.19568576503836836153221157743388655299},
 {2, 97, 79, 0.15379046970125234194997676940996986057},
 {2, 97, 117, 0.1746844856882700431176883354257926282},
 {2, 98, 80, 0.11209310383920826423994730533930220543},
 {2, 98, 118, 0.14676432377877627114915868307541491474},
 {2, 99, 119, 0.10662180931146154040411311805685636219},
 {2, 101, 81, 0.10662180931146154040411311805685636219},
 {2, 102, 82, 0.14676432377877627114915868307541491474},
 {2, 103, 83, 0.1746844856882700431176883354257926282},
 {2, 104, 84, 0.19568576503836836153221157743388655299},
 {2, 105, 85, 0.21183605460277468434500599668041324112},
 {2, 106, 86, 0.22418620767841652847989461067860441087},
 {2, 107, 87, 0.23334040303670647184695865770333774091},
 {2, 108, 88, 0.23966513713508117164876478849741329871},
 {2, 109, 89, 0.24338109729221793764174684874019304571},
 {2, 110, 90, 0.24460720629796045191526447179235819124},
 {2, 111, 91, 0.24338109729221793764174684874019304571},
 {2, 112, 92, 0.23966513713508117164876478849741329871},
 {2, 113, 93, 0.23334040303670647184695865770333774091},
 {2, 114, 94, 0.22418620767841652847989461067860441087},
 {2, 115, 95, 0.21183605460277468434500599668041324112},
 {2, 116, 96, 0.19568576503836836153221157743388655299},
 {2, 117, 97, 0.1746844856882700431176883354257926282},
 {2, 118, 98, 0.14676432377877627114915868307541491474},
 {2, 119, 99, 0.10662180931146154040411311805685636219},
 {3, 0, 3, 0.28209479177387814347403972578038629291},
 {3, 1, 0, -0.28209479177387814347403972578038629291},
 {3, 1, 6, 0.1261566261010080024123574761182841973},
 {3, 2, 7, 0.21850968611841581410867714116053768048},
 {3, 3, 8, 0.30901936161855166427375418824919113039},
 {3, 4, 1, -0.30901936161855166427375418824919113039},
 {3, 4, 11, 0.08258889836115868729683943298280025728},
 {3, 5, 2, -0.21850968611841581410867714116053768048},
 {3, 5, 12, 0.14304816810266883076266069110973459448},
 {3, 6, 3, -0.1261566261010080024123574761182841973},
 {3, 6, 13, 0.2023006594034206321184949522999412628},
 {3, 7, 14, 0.2611690282654089920902975410952277801},
 {3, 8, 15, 0.31986542793438462121233935417056908656},
 {3, 9, 4, -0.31986542793438462121233935417056908656},
 {3, 9, 18, 0.06155813030745726723950365015814449219},
 {3, 10, 5, -0.2611690282654089920902975410952277801},
 {3, 10, 19, 0.10662180931146154040411311805685636219},
 {3, 11, 6, -0.2023006594034206321184949522999412628},
 {3, 11, 20, 0.15078600877302686162929182478517518712},
 {3, 12, 7, -0.14304816810266883076266069110973459448},
 {3, 12, 21, 0.19466390027300616445640276032389877927},
 {3, 13, 8, -0.08258889836115868729683943298280025728},
 {3, 13, 22, 0.23841361350444805127110115184955765746},
 {3, 14, 23, 0.28209479177387814347403972578038629291},
 {3, 15, 24, 0.32573500793527994772425641522556466963},
 {3, 16, 9, -0.32573500793527994772425641522556466963},
 {3, 16, 27, 0.04910640010930738013108285555177360983},
 {3, 17, 10, -0.28209479177387814347403972578038629291},
 {3, 17, 28, 0.08505477996612625195615650333838405977},
 {3, 18, 11, -0.23841361350444805127110115184955765746},
 {3, 18, 29, 0.12028562337275516340290432680226365908},
 {3, 19, 12, -0.19466390027300616445640276032389877927},
 {3, 19, 30, 0.15528807203695278910892675531973236904},
 {3, 20, 13, -0.15078600877302686162929182478517518712},
 {3, 20, 31, 0.19018826981554555939561447123991238866},
 {3, 21, 14, -0.10662180931146154040411311805685636219},
 {3, 21, 32, 0.22503379560768880516751447541037219464},
 {3, 22, 15, -0.06155813030745726723950365015814449219},
 {3, 22, 33, 0.25984664494172471132851317799818171519},
 {3, 23, 34, 0.29463840065584428078649713331064165899},
 {3, 24, 35, 0.3294157463241432154897757514306576603},
 {3, 25, 16, -0.3294157463241432154897757514306576603},
 {3, 25, 38, 0.04085899466482112484758830113553534049},
 {3, 26, 17, -0.29463840065584428078649713331064165899},
 {3, 26, 39, 0.07076985470565587810408888007164193326},
 {3, 27, 18, -0.25984664494172471132851317799818171519},
 {3, 27, 40, 0.10008368833191194331491644209491770239},
 {3, 28, 19, -0.22503379560768880516751447541037219464},
 {3, 28, 41, 0.12920748604550284122940832579746114426},
 {3, 29, 20, -0.19018826981554555939561447123991238866},
 {3, 29, 42, 0.15824620587962991400862969937374021942},
 {3, 30, 21, -0.15528807203695278910892675531973236904},
 {3, 30, 43, 0.18723943587133962531390121241689813512},
 {3, 31, 22, -0.12028562337275516340290432680226365908},
 {3, 31, 44, 0.21620547740646320647740917403542314741},
 {3, 32, 23, -0.08505477996612625195615650333838405977},
 {3, 32, 45, 0.24515396798892674908552980681321204294},
 {3, 33, 24, -0.04910640010930738013108285555177360983},
 {3, 33, 46, 0.27409046868852381073177860743590205099},
 {3, 34, 47, 0.3030184144174961901313425094140976586},
 {3, 35, 48, 0.33194004183182262702735410736210416051},
 {3, 36, 25, -0.33194004183182262702735410736210416051},
 {3, 36, 51, 0.03498955262667100043461470586648286949},
 {3, 37, 26, -0.3030184144174961901313425094140976586},
 {3, 37, 52, 0.06060368288349923802626850188281953172},
 {3, 38, 27, -0.27409046868852381073177860743590205099},
 {3, 38, 53, 0.08570655026360282245639624344876160917},
 {3, 39, 28, -0.24515396798892674908552980681321204294},
 {3, 39, 54, 0.11064668061060754234245136912070138684},
 {3, 40, 29, -0.21620547740646320647740917403542314741},
 {3, 40, 55, 0.13551395461434476412406160071738556889},
 {3, 41, 30, -0.18723943587133962531390121241689813512},
 {3, 41, 56, 0.16034227344436079693951882040606408014},
 {3, 42, 31, -0.15824620587962991400862969937374021942},
 {3, 42, 57, 0.18514730947115657766221493658083320253},
 {3, 43, 32, -0.12920748604550284122940832579746114426},
 {3, 43, 58, 0.20993731576002600260768823519889721694},
 {3, 44, 33, -0.10008368833191194331491644209491770239},
 {3, 44, 59, 0.23471705452662803421351519160820811004},
 {3, 45, 34, -0.07076985470565587810408888007164193326},
 {3, 45, 60, 0.25948946725407155304832589359602042195},
 {3, 46, 35, -0.04085899466482112484758830113553534049},
 {3, 46, 61, 0.28425646930010625070469831675441451737},
 {3, 47, 62, 0.30901936161855166427375418824919113039},
 {3, 48, 63, 0.33377905890622727177954161258938072044},
 {3, 49, 36, -0.33377905890622727177954161258938072044},
 {3, 49, 66, 0.03059747616388293435044513574078325011},
 {3, 50, 37, -0.30901936161855166427375418824919113039},
 {3, 50, 67, 0.05299638329922291012409679309317930111},
 {3, 51, 38, -0.28425646930010625070469831675441451737},
 {3, 51, 68, 0.07494820401848403177194136072341384105},
 {3, 52, 39, -0.25948946725407155304832589359602042195},
 {3, 52, 69, 0.09675771533058148474898594007302793837},
 {3, 53, 40, -0.23471705452662803421351519160820811004},
 {3, 53, 70, 0.11850351561869700463314475495524264617},
 {3, 54, 41, -0.20993731576002600260768823519889721694},
 {3, 54, 71, 0.14021525059560058743381103807240208107},
 {3, 55, 42, -0.18514730947115657766221493658083320253},
 {3, 55, 72, 0.1619066253517216669230029256115644068},
 {3, 56, 43, -0.16034227344436079693951882040606408014},
 {3, 56, 73, 0.18358485698329760610267081444469950069},
 {3, 57, 44, -0.13551395461434476412406160071738556889},
 {3, 57, 74, 0.20525410992711521040197292971962286068},
 {3, 58, 45, -0.11064668061060754234245136912070138684},
 {3, 58, 75, 0.22691695643553422656785528232210754926},
 {3, 59, 46, -0.08570655026360282245639624344876160917},
 {3, 59, 76, 0.24857507144031833839357276369866316747},
 {3, 60, 47, -0.06060368288349923802626850188281953172},
 {3, 60, 77, 0.27022959259258038852555526709291329003},
 {3, 61, 48, -0.03498955262667100043461470586648286949},
 {3, 61, 78, 0.29188131977148516013381122546109740161},
 {3, 62, 79, 0.31353083181393078817024489433206909742},
 {3, 63, 80, 0.33517855795370639932779917611729489935},
 {3, 64, 49, -0.33517855795370639932779917611729489935},
 {3, 64, 83, 0.02718657100190495164604275581435904105},
 {3, 65, 50, -0.31353083181393078817024489433206909742},
 {3, 65, 84, 0.04708852225887809296767977771350562214},
 {3, 66, 51, -0.29188131977148516013381122546109740161},
 {3, 66, 85, 0.06659322681061276848976509717214989916},
 {3, 67, 52, -0.27022959259258038852555526709291329003},
 {3, 67, 86, 0.08597148613590550269830247986939533181},
 {3, 68, 53, -0.24857507144031833839357276369866316747},
 {3, 68, 87, 0.10529313673086336587597894572882412813},
 {3, 69, 54, -0.22691695643553422656785528232210754926},
 {3, 69, 88, 0.12458451950252087131696806585719959427},
 {3, 70, 55, -0.20525410992711521040197292971962286068},
 {3, 70, 89, 0.14385781174328121197927274682124098793},
 {3, 71, 56, -0.18358485698329760610267081444469950069},
 {3, 71, 90, 0.16311942601142970987625653488615424632},
 {3, 72, 57, -0.1619066253517216669230029256115644068},
 {3, 72, 91, 0.18237306250615210932269449575138598309},
 {3, 73, 58, -0.14021525059560058743381103807240208107},
 {3, 73, 92, 0.2016210067336463240625844435329199359},
 {3, 74, 59, -0.11850351561869700463314475495524264617},
 {3, 74, 93, 0.2208647469098381658242540538777211965},
 {3, 75, 60, -0.09675771533058148474898594007302793837},
 {3, 75, 94, 0.24010529386426759519393656281319421516},
 {3, 76, 61, -0.07494820401848403177194136072341384105},
 {3, 76, 95, 0.25934335830822301545792759178604475782},
 {3, 77, 62, -0.05299638329922291012409679309317930111},
 {3, 77, 96, 0.27857945455178495030545779121604335547},
 {3, 78, 63, -0.03059747616388293435044513574078325011},
 {3, 78, 97, 0.29781396397918332795572357220581626962},
 {3, 79, 98, 0.31704717539580795335567054082871219394},
 {3, 80, 99, 0.3362793115176247927198419160179066163},
 {3, 81, 64, -0.3362793115176247927198419160179066163},
 {3, 81, 102, 0.02446072062979604519152644717923581912},
 {3, 82, 65, -0.31704717539580795335567054082871219394},
 {3, 82, 103, 0.04236721092055493686900119933608264822},
 {3, 83, 66, -0.29781396397918332795572357220581626962},
 {3, 83, 104, 0.05991628428377029291219119712435332468},
 {3, 84, 67, -0.27857945455178495030545779121604335547},
 {3, 84, 105, 0.07735159039922384386537111789913792747},
 {3, 85, 68, -0.25934335830822301545792759178604475782},
 {3, 85, 106, 0.09473596363543228088571780498534062617},
 {3, 86, 69, -0.24010529386426759519393656281319421516},
 {3, 86, 107, 0.11209310383920826423994730533930220543},
 {3, 87, 70, -0.2208647469098381658242540538777211965},
 {3, 87, 108, 0.12943396735173512923533984933499464956},
 {3, 88, 71, -0.2016210067336463240625844435329199359},
 {3, 88, 109, 0.14676432377877627114915868307541491474},
 {3, 89, 72, -0.18237306250615210932269449575138598309},
 {3, 89, 110, 0.16408750232056627449459749116275276266},
 {3, 90, 73, -0.16311942601142970987625653488615424632},
 {3, 90, 111, 0.18140555932796310213103406316907485692},
 {3, 91, 74, -0.14385781174328121197927274682124098793},
 {3, 91, 112, 0.19871983380153418653211399537795804524},
 {3, 92, 75, -0.12458451950252087131696806585719959427},
 {3, 92, 113, 0.21603123522041095580783131877265261871},
 {3, 93, 76, -0.10529313673086336587597894572882412813},
 {3, 93, 114, 0.23334040303670647184695865770333774091},
 {3, 94, 77, -0.08597148613590550269830247986939533181},
 {3, 94, 115, 0.25064779999341233503806029143919046658},
 {3, 95, 78, -0.06659322681061276848976509717214989916},
 {3, 95, 116, 0.26795376923542534867402421415322469537},
 {3, 96, 79, -0.04708852225887809296767977771350562214},
 {3, 96, 117, 0.2852585706111815624190568645215388457},
 {3, 97, 80, -0.02718657100190495164604275581435904105},
 {3, 97, 118, 0.30256240450612211605549387422462758606},
 {3, 98, 119, 0.31986542793438462121233935417056908656},
 {3, 99, 120, 0.33716776567236772019749158716656877134},
 {3, 100, 81, -0.33716776567236772019749158716656877134},
 {3, 101, 82, -0.31986542793438462121233935417056908656},
 {3, 102, 83, -0.30256240450612211605549387422462758606},
 {3, 103, 84, -0.2852585706111815624190568645215388457},
 {3, 104, 85, -0.26795376923542534867402421415322469537},
